              precision    recall  f1-score   support

           0      0.756     0.738     0.747       130
           1      0.852     0.824     0.838        91
           2      0.895     0.944     0.919       144
           3      0.900     0.790     0.841       319
           4      0.754     0.906     0.823       149
           5      0.872     0.796     0.832       103
           6      0.713     0.891     0.792        64

    accuracy                          0.833      1000
   macro avg      0.820     0.841     0.828      1000
weighted avg      0.840     0.833     0.833      1000
